0.0000000  0.0000000
0.0158730  0.0124980
0.0317460  0.0411199
0.0476190  0.0840778
0.0634921  0.1326179
0.0793651  0.1814154
0.0952381  0.2288956
0.1111111  0.2742619
0.1269841  0.3153141
0.1428571  0.3517171
0.1587302  0.3845277
0.1746032  0.4145658
0.1904762  0.4424488
0.2063492  0.4686378
0.2222222  0.4934768
0.2380952  0.5172227
0.2539683  0.5400680
0.2698413  0.5621576
0.2857143  0.5835997
0.3015873  0.6044750
0.3174603  0.6248435
0.3333333  0.6447492
0.3492064  0.6642243
0.3650794  0.6832920
0.3809524  0.7019538
0.3968254  0.7201142
0.4126984  0.7376656
0.4285714  0.7545304
0.4444444  0.7706557
0.4603175  0.7860080
0.4761905  0.8005697
0.4920635  0.8143359
0.5079365  0.8273113
0.5238096  0.8395090
0.5396826  0.8509476
0.5555556  0.8616506
0.5714286  0.8716488
0.5873016  0.8809972
0.6031746  0.8897540
0.6190476  0.8979700
0.6349207  0.9056903
0.6507937  0.9129540
0.6666667  0.9197963
0.6825397  0.9262479
0.6984127  0.9323359
0.7142857  0.9380845
0.7301587  0.9435153
0.7460318  0.9486472
0.7619048  0.9534974
0.7777778  0.9580809
0.7936508  0.9624116
0.8095238  0.9665017
0.8253968  0.9703622
0.8412699  0.9740032
0.8571429  0.9774337
0.8730159  0.9796620
0.8888889  0.9826957
0.9047619  0.9855417
0.9206349  0.9882063
0.9365079  0.9906955
0.9523810  0.9930145
0.9682540  0.9951685
0.9841270  0.9971622
1.0000000  1.0000000